States,,,,,,,,,,,,,,,,,,,,,,,,,,,,,,,,,,,,,,,,,,,,,,,,,,,
,Alabama,Alaska,Arizona,Arkansas,California,Colorado,Connecticut,Delaware,District of Columbia,Florida,Georgia,Hawaii,Idaho,Illinois,Indiana,Iowa,Kansas,Kentucky,Louisiana,Maine,Maryland,Massachusetts,Michigan,Minnesota,Mississippi,Missouri,Montana,Nebraska,Nevada,New Hampshire,New Jersey,New Mexico,New York,North Carolina,North Dakota,Ohio,Oklahoma,Oregon,Pennsylvania,Rhode Island,South Carolina,South Dakota,Tennessee,Texas,Utah,Vermont,Virginia,Washington,West Virginia,Wisconsin,Wyoming
Estimate,23.9,18.4,24.8,21.3,27.1,24.5,25,25.3,30.1,25.8,27.1,25.7,19.7,28.2,23.5,18.8,18.9,22.9,24.5,23.4,32.2,28,24.1,23,23.9,23.1,18.2,18.1,24.1,26.9,30.5,21.4,31.5,23.4,16.9,23.1,21.1,22.5,25.9,23.4,23.6,16.9,24.2,24.8,21.6,21.9,27.7,25.5,25.6,21.9,18.1
SD,0.1216,0.304,0.1216,0.2432,0.0608,0.1824,0.1824,0.3647,0.304,0.1216,0.1824,0.2432,0.2432,0.1216,0.1216,0.1216,0.1824,0.1216,0.1216,0.2432,0.1216,0.1216,0.1216,0.1216,0.2432,0.1216,0.304,0.1824,0.2432,0.304,0.1216,0.2432,0.1216,0.1216,0.3647,0.0608,0.1216,0.1824,0.0608,0.304,0.1824,0.304,0.1216,0.0608,0.1824,0.304,0.1216,0.1216,0.304,0.1216,0.4863
,,,,,,,,,,,,,,,,,,,,,,,,,,,,,,,,,,,,,,,,,,,,,,,,,,,
,,,,,,,,,,,,,,,,,,,,,,,,,,,,,,,,,,,,,,,,,,,,,,,,,,,
Asymptotic variance with equal marginal coverage,,,,,,,,,,,,,,,,,,,,,,,,,,,,,,,,,,,,,,,,,,,,,,,,,,,
| A_k+ |,0,0,0,0,0,0,2,2,3,9,9,9,9,10,9,10,14,14,14,14,15,14,14,16,15,20,16,20,16,21,22,22,27,25,25,22,33,27,30,34,35,35,41,39,41,42,43,47,47,48,49
| A_k0 |,5,5,7,8,8,8,6,6,5,4,6,6,6,5,12,13,12,12,12,12,13,18,20,13,17,12,20,14,20,15,15,15,10,13,14,20,8,15,11,7,6,11,3,6,5,4,3,2,1,2,1
,,,,,,,,,,,,,,,,,,,,,,,,,,,,,,,,,,,,,,,,,,,,,,,,,,,
Asymptotic variance with unequal marginal coverage,,,,,,,,,,,,,,,,,,,,,,,,,,,,,,,,,,,,,,,,,,,,,,,,,,,
| A_k+ |,0,0,1,0,0,1,3,2,6,9,9,9,9,10,9,13,14,15,15,15,16,15,15,17,17,20,19,22,20,22,26,24,29,29,29,27,34,31,34,35,35,39,41,41,42,44,44,47,47,49,50
| A_k0 |,3,5,5,8,7,6,4,6,2,4,5,5,5,5,7,8,8,9,9,10,11,14,15,10,12,10,12,10,15,10,9,12,7,7,9,13,6,10,7,5,5,5,2,3,4,2,2,1,1,0,0
,,,,,,,,,,,,,,,,,,,,,,,,,,,,,,,,,,,,,,,,,,,,,,,,,,,
Bootstrap variance with equal marginal coverage,,,,,,,,,,,,,,,,,,,,,,,,,,,,,,,,,,,,,,,,,,,,,,,,,,,
| A_k+ |,,,,,,,,,,,,,,,,,,,,,,,,,,,,,,,,,,,,,,,,,,,,,,,,,,,
| A_k0 |,,,,,,,,,,,,,,,,,,,,,,,,,,,,,,,,,,,,,,,,,,,,,,,,,,,
,,,,,,,,,,,,,,,,,,,,,,,,,,,,,,,,,,,,,,,,,,,,,,,,,,,
Bootstrap variance with unequal marginal coverage,,,,,,,,,,,,,,,,,,,,,,,,,,,,,,,,,,,,,,,,,,,,,,,,,,,
| A_k+ |,,,,,,,,,,,,,,,,,,,,,,,,,,,,,,,,,,,,,,,,,,,,,,,,,,,
| A_k0 |,,,,,,,,,,,,,,,,,,,,,,,,,,,,,,,,,,,,,,,,,,,,,,,,,,,
,,,,,,,,,,,,,,,,,,,,,,,,,,,,,,,,,,,,,,,,,,,,,,,,,,,
Wright methodology,,,,,,,,,,,,,,,,,,,,,,,,,,,,,,,,,,,,,,,,,,,,,,,,,,,
| A_Rk |,20,0,27,9,41,22,27,25,47,34,41,31,3,44,16,2,2,14,24,14,50,43,21,14,16,14,0,0,19,36,47,9,49,16,0,14,9,10,35,14,16,0,22,28,9,9,42,34,29,10,0
| A_0k |,12,8,10,6,2,15,12,16,1,7,3,10,5,2,12,6,6,11,12,16,0,3,11,11,19,12,8,7,17,9,1,6,0,11,5,11,4,11,6,17,14,5,12,9,6,12,4,6,12,5,8
,,,,,,,,,,,,,,,,,,,,,,,,,,,,,,,,,,,,,,,,,,,,,,,,,,,
,,,,,,,,,,,,,,,,,,,,,,,,,,,,,,,,,,,,,,,,,,,,,,,,,,,
,,,,,,,,,,,,,,,,,,,,,,,,,,,,,,,,,,,,,,,,,,,,,,,,,,,
,,,,,,,,,,,,,,,,,,,,,,,,,,,,,,,,,,,,,,,,,,,,,,,,,,,
,,,,,,,,,,,,,,,,,,,,,,,,,,,,,,,,,,,,,,,,,,,,,,,,,,,
